592 706
592 706
592 706
592 706
592 706
592 706
592 706
592 706
592 706
592 706
592 706
592 706
592 706
592 706
592 706
592 706
592 706
592 706
592 706
592 706
592 706
592 706
592 706
592 706
592 706
592 706
592 706
592 706
592 706
592 706
592 706
592 706
587 706
571 706
571 706
556 706
508 703
508 703
469 689
469 689
448 679
355 633
355 633
311 600
280 580
252 568
237 564
225 561
215 557
211 556
204 553
204 553
204 553
204 553
202 553
202 553
202 553
202 553
202 553
202 553
202 553
202 553
202 551
202 551
202 551
202 551
202 551
202 551
202 551
202 551
202 551
202 551
202 551
202 551
202 550
202 550
207 546
223 540
253 532
307 515
334 510
397 505
437 503
437 503
523 492
566 487
683 480
717 479
744 478
764 477
783 477
805 477
849 476
882 476
920 473
958 471
958 471
964 471
965 471
967 471
968 471
970 471
970 471
970 471
970 471
970 471
970 471
970 471
970 471
971 471
971 471
971 471
971 471
971 471
971 471
971 471
971 471
971 471
971 471
971 470
971 470
971 470
971 470
971 470
959 467
959 467
936 460
877 440
877 440
842 426
766 408
731 405
696 403
625 396
597 392
597 392
552 379
529 376
489 365
472 364
460 363
449 360
444 359
444 359
425 355
413 355
401 354
390 354
383 354
381 353
379 352
379 352
379 352
379 352
379 352
379 352
379 352
379 352
379 352
379 352
379 352
379 352
378 352
378 352
378 352
378 352
378 352
378 352
378 352
378 352
378 352
378 352
378 352
378 352
378 352
395 348
413 348
444 348
444 348
480 348
507 348
593 345
638 343
715 319
805 310
842 310
876 310
896 310
905 310
905 310
913 309
918 309
931 309
931 309
933 309
933 309
933 309
933 309
934 308
934 308
