0.003964 0.038389 0.170000 -0.000000 0.000000
0.000108 0.006713 0.170000 -0.000000 0.000000
0.001525 0.059576 0.170000 -0.000000 0.000000
0.000234 0.006923 0.170000 -0.000000 0.000000
0.005871 0.012377 0.170000 -0.000000 0.000000
!0.001650 0.433606 0.170000 -0.000000 0.000000
0.036523 0.007552 0.170000 -0.000000 0.000000
0.003111 0.015104 0.170000 -0.000000 0.000000
0.001889 0.009440 0.170000 -0.000000 0.000000
0.070828 0.031676 0.170000 -0.000000 0.000000
0.001558 0.033984 0.170000 -0.000000 0.000000
0.000897 0.286344 0.170000 -0.000000 0.000000
0.007561 0.058318 0.170000 -0.000000 0.000000

0.003964 0.038389 0.170000 -0.000000 0.000000
0.000108 0.006713 0.170000 -0.000000 0.000000
0.001525 0.059576 0.170000 -0.000000 0.000000
0.000234 0.006923 0.170000 -0.000000 0.000000
0.005871 0.012377 0.170000 -0.000000 0.000000
!0.001650 0.433606 0.170000 -0.000000 0.000000
0.036523 0.007552 0.170000 -0.000000 0.000000
0.003111 0.015104 0.170000 -0.000000 0.000000
0.001889 0.009440 0.170000 -0.000000 0.000000
0.070828 0.031676 0.170000 -0.000000 0.000000
0.001558 0.033984 0.170000 -0.000000 0.000000
0.000897 0.286344 0.170000 -0.000000 0.000000
0.007561 0.058318 0.170000 -0.000000 0.000000
0.036523 0.007552 0.170000 -0.000000 0.000000
0.003111 0.015104 0.170000 -0.000000 0.000000
0.001889 0.009440 0.170000 -0.000000 0.000000
0.070828 0.031676 0.170000 -0.000000 0.000000
0.001558 0.033984 0.170000 -0.000000 0.000000
0.000897 0.286344 0.170000 -0.000000 0.000000

0.003964 0.038389 0.170000 -0.000000 0.000000
0.000108 0.006713 0.170000 -0.000000 0.000000
0.001525 0.059576 0.170000 -0.000000 0.000000
0.000234 0.006923 0.170000 -0.000000 0.000000
0.005871 0.012377 0.170000 -0.000000 0.000000
!0.001650 0.433606 0.170000 -0.000000 0.000000
0.036523 0.007552 0.170000 -0.000000 0.000000
0.003111 0.015104 0.170000 -0.000000 0.000000
0.001889 0.009440 0.170000 -0.000000 0.000000
0.070828 0.031676 0.170000 -0.000000 0.000000
0.001558 0.033984 0.170000 -0.000000 0.000000
0.000897 0.286344 0.170000 -0.000000 0.000000
0.007561 0.058318 0.170000 -0.000000 0.000000

